110000000
011001010
110000010
011001001
011000001
110000001
011001111
110000011
011001110
110000010
000101110
000101110
011000010
011010001
010101111
100000011
011010001
010100010
101000100
011010010
010101111
100100101
000000001
011000011
011010001
000101110
011000001
000000001
011000100
011010001
000111110
011000001
000000010
011000101
011010010
000101110
011000010
000000010
011000110
011010011
010000101
011000011
011010100
010000110
011000100
010010011
011000011
010010100
000100011
010101010
100100110
011001010
010101001
100000100
011001001
011010010
000101110
011000010
101100011
011010001
000101110
000101110
011000001
000101110
000101110
011000010
010101111
100100010
101100011
110000100
011000001
110000101
011000010
110001010
000010001
110001001
000010010
110000001
