110000000
011001011
011001100
110000010
011001001
011001010
011000001
110000001
011001111
110000011
011001110
110000010
000101110
000101110
011000010
011010001
010101111
100000011
011010001
010100010
101000100
011010010
010101111
100100101
010110000
000000001
011000011
011001101
011010001
000101110
011000001
000000001
011000100
011010001
000111110
011000001
000000010
011000101
011010010
000101110
011000010
000000010
011000110
010110000
110000000
010000011
011000011
110000000
010000100
000101110
011000100
110000010
011001000
011010011
000101000
011000011
010110000
011010110
000100100
011000110
011010101
000100011
011000100
110000010
000101000
010101000
101001011
110000111
001101101
011001101
110000111
001100101
010101101
101001101
101101100
110000111
001101101
011001101
110000111
001100101
010101101
101001101
101100111
110000111
001100100
010101000
101000111
010110000
110000000
010000100
011000100
110000000
010000110
000101110
011000110
110000010
000100100
011000100
011010100
010101011
100001001
100101000
011010110
010101100
100001001
101101000
011010100
010101001
100101010
100000100
011010110
010101010
100101010
101100100
011010110
011001100
011010100
011001011
101101000
011010110
011001010
011010100
011001001
101100100
010110000
011010010
000101110
011000010
101100011
010110000
011010001
000101110
000101110
011000001
000101110
000101110
011000010
010101111
100100010
101100011
110000110
011000001
000101110
011000010
000101110
011000011
000101110
011000100
011011011
000010001
011011100
000010010
011011001
000010011
011011010
000010100
